ans =

 Columns 1 through 18:

  3.0948e+002  1.6062e+002  2.4034e+002  2.0854e+002  1.2004e+002  2.0910e+002  7.6495e+001  2.1110e+002  1.1608e+002  6.7142e+001  5.7213e+001  2.7276e+002  5.5505e+001  1.2712e+002  1.2599e+001  6.1799e+001  9.3322e+001  9.8651e+000
  1.6062e+002  8.3361e+001  1.2474e+002  1.0823e+002  6.2298e+001  1.0852e+002  3.9701e+001  1.0956e+002  6.0247e+001  3.4846e+001  2.9693e+001  1.4156e+002  2.8807e+001  6.5973e+001  6.5389e+000  3.2073e+001  4.8434e+001  5.1199e+000
  2.4034e+002  1.2474e+002  1.8665e+002  1.6195e+002  9.3220e+001  1.6239e+002  5.9406e+001  1.6394e+002  9.0151e+001  5.2142e+001  4.4432e+001  2.1183e+002  4.3105e+001  9.8719e+001  9.7845e+000  4.7993e+001  7.2474e+001  7.6612e+000
  2.0854e+002  1.0823e+002  1.6195e+002  1.4052e+002  8.0883e+001  1.4090e+002  5.1545e+001  1.4225e+002  7.8221e+001  4.5242e+001  3.8552e+001  1.8380e+002  3.7401e+001  8.5655e+001  8.4896e+000  4.1642e+001  6.2883e+001  6.6474e+000
  1.2004e+002  6.2298e+001  9.3220e+001  8.0883e+001  4.6557e+001  8.1102e+001  2.9670e+001  8.1880e+001  4.5025e+001  2.6042e+001  2.2191e+001  1.0580e+002  2.1528e+001  4.9304e+001  4.8867e+000  2.3970e+001  3.6196e+001  3.8263e+000
  2.0910e+002  1.0852e+002  1.6239e+002  1.4090e+002  8.1102e+001  1.4128e+002  5.1684e+001  1.4263e+002  7.8432e+001  4.5364e+001  3.8656e+001  1.8429e+002  3.7502e+001  8.5886e+001  8.5125e+000  4.1754e+001  6.3053e+001  6.6653e+000
  7.6495e+001  3.9701e+001  5.9406e+001  5.1545e+001  2.9670e+001  5.1684e+001  1.8908e+001  5.2180e+001  2.8693e+001  1.6596e+001  1.4142e+001  6.7420e+001  1.3719e+001  3.1420e+001  3.1142e+000  1.5275e+001  2.3067e+001  2.4384e+000
  2.1110e+002  1.0956e+002  1.6394e+002  1.4225e+002  8.1880e+001  1.4263e+002  5.2180e+001  1.4400e+002  7.9184e+001  4.5799e+001  3.9026e+001  1.8606e+002  3.7861e+001  8.6710e+001  8.5942e+000  4.2155e+001  6.3658e+001  6.7292e+000
  1.1608e+002  6.0247e+001  9.0151e+001  7.8221e+001  4.5025e+001  7.8432e+001  2.8693e+001  7.9184e+001  4.3543e+001  2.5185e+001  2.1460e+001  1.0231e+002  2.0820e+001  4.7681e+001  4.7259e+000  2.3181e+001  3.5005e+001  3.7004e+000
  6.7142e+001  3.4846e+001  5.2142e+001  4.5242e+001  2.6042e+001  4.5364e+001  1.6596e+001  4.5799e+001  2.5185e+001  1.4566e+001  1.2412e+001  5.9176e+001  1.2042e+001  2.7578e+001  2.7334e+000  1.3407e+001  2.0246e+001  2.1402e+000
  5.7213e+001  2.9693e+001  4.4432e+001  3.8552e+001  2.2191e+001  3.8656e+001  1.4142e+001  3.9026e+001  2.1460e+001  1.2412e+001  1.0577e+001  5.0425e+001  1.0261e+001  2.3500e+001  2.3292e+000  1.1425e+001  1.7252e+001  1.8237e+000
  2.7276e+002  1.4156e+002  2.1183e+002  1.8380e+002  1.0580e+002  1.8429e+002  6.7420e+001  1.8606e+002  1.0231e+002  5.9176e+001  5.0425e+001  2.4041e+002  4.8920e+001  1.1204e+002  1.1104e+001  5.4468e+001  8.2251e+001  8.6947e+000
  5.5505e+001  2.8807e+001  4.3105e+001  3.7401e+001  2.1528e+001  3.7502e+001  1.3719e+001  3.7861e+001  2.0820e+001  1.2042e+001  1.0261e+001  4.8920e+001  9.9547e+000  2.2798e+001  2.2596e+000  1.1084e+001  1.6737e+001  1.7693e+000
  1.2712e+002  6.5973e+001  9.8719e+001  8.5655e+001  4.9304e+001  8.5886e+001  3.1420e+001  8.6710e+001  4.7681e+001  2.7578e+001  2.3500e+001  1.1204e+002  2.2798e+001  5.2212e+001  5.1750e+000  2.5384e+001  3.8331e+001  4.0520e+000
  1.2599e+001  6.5389e+000  9.7845e+000  8.4896e+000  4.8867e+000  8.5125e+000  3.1142e+000  8.5942e+000  4.7259e+000  2.7334e+000  2.3292e+000  1.1104e+001  2.2596e+000  5.1750e+000  5.1291e-001  2.5159e+000  3.7992e+000  4.0161e-001
  6.1799e+001  3.2073e+001  4.7993e+001  4.1642e+001  2.3970e+001  4.1754e+001  1.5275e+001  4.2155e+001  2.3181e+001  1.3407e+001  1.1425e+001  5.4468e+001  1.1084e+001  2.5384e+001  2.5159e+000  1.2340e+001  1.8635e+001  1.9699e+000
  9.3322e+001  4.8434e+001  7.2474e+001  6.2883e+001  3.6196e+001  6.3053e+001  2.3067e+001  6.3658e+001  3.5005e+001  2.0246e+001  1.7252e+001  8.2251e+001  1.6737e+001  3.8331e+001  3.7992e+000  1.8635e+001  2.8141e+001  2.9748e+000
  9.8651e+000  5.1199e+000  7.6612e+000  6.6474e+000  3.8263e+000  6.6653e+000  2.4384e+000  6.7292e+000  3.7004e+000  2.1402e+000  1.8237e+000  8.6947e+000  1.7693e+000  4.0520e+000  4.0161e-001  1.9699e+000  2.9748e+000  3.1446e-001
  6.4242e+001  3.3342e+001  4.9891e+001  4.3288e+001  2.4917e+001  4.3405e+001  1.5879e+001  4.3822e+001  2.4097e+001  1.3937e+001  1.1876e+001  5.6621e+001  1.1522e+001  2.6387e+001  2.6153e+000  1.2828e+001  1.9372e+001  2.0478e+000
  9.4809e+001  4.9205e+001  7.3629e+001  6.3885e+001  3.6773e+001  6.4057e+001  2.3434e+001  6.4672e+001  3.5562e+001  2.0569e+001  1.7527e+001  8.3561e+001  1.7004e+001  3.8942e+001  3.8597e+000  1.8932e+001  2.8589e+001  3.0222e+000
  5.5214e+001  2.8656e+001  4.2880e+001  3.7205e+001  2.1416e+001  3.7305e+001  1.3648e+001  3.7663e+001  2.0711e+001  1.1979e+001  1.0207e+001  4.8664e+001  9.9026e+000  2.2679e+001  2.2478e+000  1.1026e+001  1.6650e+001  1.7600e+000
  3.8293e+002  1.9874e+002  2.9738e+002  2.5803e+002  1.4852e+002  2.5872e+002  9.4649e+001  2.6120e+002  1.4363e+002  8.3076e+001  7.0791e+001  3.3750e+002  6.8677e+001  1.5728e+002  1.5589e+001  7.6465e+001  1.1547e+002  1.2206e+001
  7.4995e+001  3.8922e+001  5.8241e+001  5.0534e+001  2.9088e+001  5.0670e+001  1.8537e+001  5.1156e+001  2.8130e+001  1.6270e+001  1.3864e+001  6.6098e+001  1.3450e+001  3.0804e+001  3.0531e+000  1.4975e+001  2.2614e+001  2.3906e+000
  9.1258e+001  4.7363e+001  7.0872e+001  6.1493e+001  3.5396e+001  6.1659e+001  2.2557e+001  6.2250e+001  3.4231e+001  1.9799e+001  1.6871e+001  8.0432e+001  1.6367e+001  3.7484e+001  3.7152e+000  1.8223e+001  2.7519e+001  2.9090e+000
  5.4227e+001  2.8144e+001  4.2113e+001  3.6540e+001  2.1033e+001  3.6639e+001  1.3404e+001  3.6990e+001  2.0340e+001  1.1765e+001  1.0025e+001  4.7794e+001  9.7256e+000  2.2274e+001  2.2076e+000  1.0829e+001  1.6352e+001  1.7286e+000
  3.9825e+002  2.0669e+002  3.0928e+002  2.6835e+002  1.5447e+002  2.6908e+002  9.8437e+001  2.7166e+002  1.4938e+002  8.6400e+001  7.3623e+001  3.5100e+002  7.1425e+001  1.6358e+002  1.6213e+001  7.9525e+001  1.2009e+002  1.2695e+001
  2.3751e+002  1.2327e+002  1.8445e+002  1.6004e+002  9.2121e+001  1.6047e+002  5.8706e+001  1.6201e+002  8.9089e+001  5.1528e+001  4.3908e+001  2.0933e+002  4.2597e+001  9.7556e+001  9.6691e+000  4.7428e+001  7.1620e+001  7.5710e+000
  1.2397e+002  6.4338e+001  9.6272e+001  8.3532e+001  4.8082e+001  8.3757e+001  3.0641e+001  8.4560e+001  4.6499e+001  2.6894e+001  2.2917e+001  1.0926e+002  2.2233e+001  5.0918e+001  5.0467e+000  2.4754e+001  3.7381e+001  3.9516e+000
  2.5846e+002  1.3414e+002  2.0072e+002  1.7416e+002  1.0025e+002  1.7463e+002  6.3885e+001  1.7630e+002  9.6948e+001  5.6073e+001  4.7781e+001  2.2780e+002  4.6355e+001  1.0616e+002  1.0522e+001  5.1612e+001  7.7938e+001  8.2388e+000
  4.2479e+002  2.2047e+002  3.2990e+002  2.8624e+002  1.6476e+002  2.8701e+002  1.0500e+002  2.8976e+002  1.5934e+002  9.2159e+001  7.8531e+001  3.7440e+002  7.6186e+001  1.7448e+002  1.7294e+001  8.4826e+001  1.2810e+002  1.3541e+001
  -2.1462e+001  -1.1139e+001  -1.6668e+001  -1.4462e+001  -8.3244e+000  -1.4501e+001  -5.3049e+000  -1.4640e+001  -8.0504e+000  -4.6563e+000  -3.9677e+000  -1.8916e+001  -3.8492e+000  -8.8155e+000  -8.7374e-001  -4.2857e+000  -6.4719e+000  -6.8414e-001
  1.0549e+002  5.4750e+001  8.1926e+001  7.1084e+001  4.0917e+001  7.1276e+001  2.6075e+001  7.1959e+001  3.9570e+001  2.2887e+001  1.9502e+001  9.2977e+001  1.8920e+001  4.3330e+001  4.2946e+000  2.1065e+001  3.1811e+001  3.3627e+000
  2.1346e+002  1.1079e+002  1.6577e+002  1.4384e+002  8.2794e+001  1.4422e+002  5.2762e+001  1.4561e+002  8.0069e+001  4.6311e+001  3.9462e+001  1.8814e+002  3.8284e+001  8.7678e+001  8.6901e+000  4.2626e+001  6.4368e+001  6.8044e+000
  3.2536e+001  1.6886e+001  2.5268e+001  2.1924e+001  1.2620e+001  2.1983e+001  8.0422e+000  2.2194e+001  1.2204e+001  7.0588e+000  6.0149e+000  2.8676e+001  5.8354e+000  1.3364e+001  1.3246e+000  6.4971e+000  9.8112e+000  1.0371e+000
  1.1510e+002  5.9735e+001  8.9385e+001  7.7556e+001  4.4642e+001  7.7765e+001  2.8449e+001  7.8511e+001  4.3173e+001  2.4970e+001  2.1278e+001  1.0144e+002  2.0643e+001  4.7276e+001  4.6857e+000  2.2983e+001  3.4707e+001  3.6689e+000
  8.0260e+001  4.1655e+001  6.2330e+001  5.4082e+001  3.1130e+001  5.4227e+001  1.9838e+001  5.4748e+001  3.0105e+001  1.7412e+001  1.4838e+001  7.0738e+001  1.4395e+001  3.2966e+001  3.2674e+000  1.6027e+001  2.4202e+001  2.5584e+000
  7.2416e+001  3.7584e+001  5.6238e+001  4.8796e+001  2.8087e+001  4.8928e+001  1.7899e+001  4.9397e+001  2.7163e+001  1.5711e+001  1.3387e+001  6.3825e+001  1.2988e+001  2.9744e+001  2.9481e+000  1.4461e+001  2.1837e+001  2.3084e+000
  5.9686e+001  3.0977e+001  4.6352e+001  4.0218e+001  2.3150e+001  4.0327e+001  1.4753e+001  4.0714e+001  2.2388e+001  1.2949e+001  1.1034e+001  5.2605e+001  1.0705e+001  2.4516e+001  2.4299e+000  1.1919e+001  1.7998e+001  1.9026e+000
  1.7798e+002  9.2370e+001  1.3822e+002  1.1993e+002  6.9031e+001  1.2025e+002  4.3992e+001  1.2140e+002  6.6759e+001  3.8613e+001  3.2903e+001  1.5686e+002  3.1920e+001  7.3103e+001  7.2456e+000  3.5540e+001  5.3669e+001  5.6733e+000
  9.6710e+001  5.0192e+001  7.5105e+001  6.5166e+001  3.7510e+001  6.5342e+001  2.3904e+001  6.5969e+001  3.6276e+001  2.0981e+001  1.7879e+001  8.5237e+001  1.7345e+001  3.9723e+001  3.9371e+000  1.9312e+001  2.9163e+001  3.0828e+000
  9.7912e+000  5.0816e+000  7.6039e+000  6.5976e+000  3.7976e+000  6.6154e+000  2.4201e+000  6.6788e+000  3.6726e+000  2.1242e+000  1.8101e+000  8.6296e+000  1.7560e+000  4.0217e+000  3.9860e-001  1.9552e+000  2.9525e+000  3.1211e-001
  6.8811e+001  3.5713e+001  5.3439e+001  4.6367e+001  2.6689e+001  4.6492e+001  1.7008e+001  4.6938e+001  2.5811e+001  1.4929e+001  1.2721e+001  6.0648e+001  1.2341e+001  2.8264e+001  2.8013e+000  1.3741e+001  2.0750e+001  2.1935e+000
  9.4740e+001  4.9170e+001  7.3575e+001  6.3839e+001  3.6746e+001  6.4011e+001  2.3417e+001  6.4625e+001  3.5537e+001  2.0554e+001  1.7514e+001  8.3501e+001  1.6991e+001  3.8914e+001  3.8569e+000  1.8918e+001  2.8568e+001  3.0200e+000
  4.2935e+001  2.2283e+001  3.3343e+001  2.8931e+001  1.6653e+001  2.9009e+001  1.0612e+001  2.9287e+001  1.6105e+001  9.3148e+000  7.9373e+000  3.7842e+001  7.7003e+000  1.7635e+001  1.7479e+000  8.5736e+000  1.2947e+001  1.3686e+000
  1.1843e+002  6.1463e+001  9.1970e+001  7.9799e+001  4.5933e+001  8.0014e+001  2.9272e+001  8.0782e+001  4.4421e+001  2.5693e+001  2.1893e+001  1.0438e+002  2.1240e+001  4.8643e+001  4.8212e+000  2.3648e+001  3.5711e+001  3.7750e+000
  1.8407e+001  9.5529e+000  1.4295e+001  1.2403e+001  7.1392e+000  1.2436e+001  4.5496e+000  1.2556e+001  6.9042e+000  3.9933e+000  3.4028e+000  1.6223e+001  3.3012e+000  7.5604e+000  7.4934e-001  3.6755e+000  5.5504e+000  5.8673e-001
  9.0312e+001  4.6872e+001  7.0137e+001  6.0855e+001  3.5029e+001  6.1019e+001  2.2323e+001  6.1604e+001  3.3876e+001  1.9593e+001  1.6696e+001  7.9598e+001  1.6197e+001  3.7095e+001  3.6767e+000  1.8034e+001  2.7233e+001  2.8788e+000
  3.2440e+001  1.6836e+001  2.5193e+001  2.1859e+001  1.2582e+001  2.1918e+001  8.0183e+000  2.2128e+001  1.2168e+001  7.0378e+000  5.9971e+000  2.8591e+001  5.8180e+000  1.3324e+001  1.3206e+000  6.4778e+000  9.7821e+000  1.0341e+000
  1.4081e+002  7.3081e+001  1.0935e+002  9.4883e+001  5.4616e+001  9.5139e+001  3.4805e+001  9.6052e+001  5.2818e+001  3.0549e+001  2.6032e+001  1.2411e+002  2.5254e+001  5.7837e+001  5.7325e+000  2.8118e+001  4.2461e+001  4.4886e+000
  1.7907e+001  9.2936e+000  1.3907e+001  1.2066e+001  6.9454e+000  1.2099e+001  4.4261e+000  1.2215e+001  6.7168e+000  3.8849e+000  3.3104e+000  1.5783e+001  3.2116e+000  7.3551e+000  7.2900e-001  3.5758e+000  5.3998e+000  5.7081e-001
  1.1875e+002  6.1633e+001  9.2224e+001  8.0019e+001  4.6060e+001  8.0235e+001  2.9353e+001  8.1005e+001  4.4544e+001  2.5764e+001  2.1954e+001  1.0466e+002  2.1298e+001  4.8777e+001  4.8345e+000  2.3713e+001  3.5810e+001  3.7854e+000
  3.2362e+001  1.6796e+001  2.5133e+001  2.1807e+001  1.2552e+001  2.1865e+001  7.9991e+000  2.2075e+001  1.2139e+001  7.0210e+000  5.9827e+000  2.8523e+001  5.8041e+000  1.3293e+001  1.3175e+000  6.4623e+000  9.7587e+000  1.0316e+000
  7.5443e+001  3.9155e+001  5.8589e+001  5.0836e+001  2.9262e+001  5.0973e+001  1.8648e+001  5.1462e+001  2.8299e+001  1.6367e+001  1.3947e+001  6.6493e+001  1.3531e+001  3.0988e+001  3.0713e+000  1.5065e+001  2.2750e+001  2.4049e+000
  8.7927e+001  4.5634e+001  6.8284e+001  5.9247e+001  3.4104e+001  5.9407e+001  2.1733e+001  5.9977e+001  3.2981e+001  1.9076e+001  1.6255e+001  7.7496e+001  1.5770e+001  3.6115e+001  3.5795e+000  1.7558e+001  2.6514e+001  2.8028e+000
  2.5039e+001  1.2995e+001  1.9445e+001  1.6872e+001  9.7116e+000  1.6917e+001  6.1889e+000  1.7080e+001  9.3919e+000  5.4322e+000  4.6289e+000  2.2068e+001  4.4907e+000  1.0284e+001  1.0193e+000  4.9999e+000  7.5503e+000  7.9814e-001
  -2.5000e+001  -1.2975e+001  -1.9415e+001  -1.6846e+001  -9.6966e+000  -1.6891e+001  -6.1794e+000  -1.7053e+001  -9.3774e+000  -5.4238e+000  -4.6217e+000  -2.2034e+001  -4.4837e+000  -1.0269e+001  -1.0178e+000  -4.9922e+000  -7.5387e+000  -7.9691e-001
  4.3551e+001  2.2603e+001  3.3822e+001  2.9346e+001  1.6892e+001  2.9425e+001  1.0765e+001  2.9707e+001  1.6336e+001  9.4484e+000  8.0511e+000  3.8384e+001  7.8108e+000  1.7888e+001  1.7730e+000  8.6965e+000  1.3133e+001  1.3882e+000
  8.0997e+001  4.2037e+001  6.2903e+001  5.4578e+001  3.1416e+001  5.4726e+001  2.0020e+001  5.5250e+001  3.0382e+001  1.7572e+001  1.4974e+001  7.1388e+001  1.4527e+001  3.3269e+001  3.2974e+000  1.6174e+001  2.4424e+001  2.5819e+000
  6.9707e+001  3.6178e+001  5.4134e+001  4.6970e+001  2.7037e+001  4.7097e+001  1.7230e+001  4.7549e+001  2.6147e+001  1.5123e+001  1.2887e+001  6.1437e+001  1.2502e+001  2.8632e+001  2.8378e+000  1.3920e+001  2.1020e+001  2.2220e+000
  9.5245e+001  4.9432e+001  7.3967e+001  6.4179e+001  3.6942e+001  6.4352e+001  2.3542e+001  6.4969e+001  3.5726e+001  2.0663e+001  1.7608e+001  8.3946e+001  1.7082e+001  3.9121e+001  3.8775e+000  1.9019e+001  2.8721e+001  3.0361e+000
  9.0940e+001  4.7198e+001  7.0624e+001  6.1278e+001  3.5272e+001  6.1443e+001  2.2478e+001  6.2033e+001  3.4111e+001  1.9730e+001  1.6812e+001  8.0152e+001  1.6310e+001  3.7353e+001  3.7022e+000  1.8160e+001  2.7423e+001  2.8988e+000
  -1.3067e+001  -6.7818e+000  -1.0148e+001  -8.8050e+000  -5.0683e+000  -8.8288e+000  -3.2299e+000  -8.9135e+000  -4.9014e+000  -2.8349e+000  -2.4157e+000  -1.1517e+001  -2.3436e+000  -5.3673e+000  -5.3197e-001  -2.6093e+000  -3.9404e+000  -4.1653e-001
  3.1541e+002  1.6370e+002  2.4495e+002  2.1253e+002  1.2233e+002  2.1310e+002  7.7961e+001  2.1515e+002  1.1831e+002  6.8428e+001  5.8309e+001  2.7799e+002  5.6568e+001  1.2955e+002  1.2840e+001  6.2983e+001  9.5110e+001  1.0054e+001
  2.1205e+002  1.1006e+002  1.6468e+002  1.4289e+002  8.2248e+001  1.4327e+002  5.2414e+001  1.4465e+002  7.9541e+001  4.6005e+001  3.9202e+001  1.8690e+002  3.8032e+001  8.7100e+001  8.6328e+000  4.2344e+001  6.3944e+001  6.7595e+000
  3.0001e+002  1.5571e+002  2.3299e+002  2.0216e+002  1.1636e+002  2.0270e+002  7.4156e+001  2.0465e+002  1.1253e+002  6.5088e+001  5.5463e+001  2.6442e+002  5.3807e+001  1.2323e+002  1.2214e+001  5.9909e+001  9.0468e+001  9.5634e+000
  8.5940e+001  4.4603e+001  6.6742e+001  5.7909e+001  3.3333e+001  5.8065e+001  2.1242e+001  5.8622e+001  3.2236e+001  1.8645e+001  1.5888e+001  7.5745e+001  1.5413e+001  3.5299e+001  3.4987e+000  1.7161e+001  2.5915e+001  2.7395e+000
  1.0105e+002  5.2446e+001  7.8477e+001  6.8092e+001  3.9194e+001  6.8276e+001  2.4978e+001  6.8930e+001  3.7904e+001  2.1923e+001  1.8681e+001  8.9064e+001  1.8124e+001  4.1506e+001  4.1139e+000  2.0179e+001  3.0472e+001  3.2212e+000
  1.3678e+002  7.0991e+001  1.0623e+002  9.2170e+001  5.3054e+001  9.2418e+001  3.3810e+001  9.3305e+001  5.1308e+001  2.9676e+001  2.5287e+001  1.2056e+002  2.4532e+001  5.6183e+001  5.5686e+000  2.7314e+001  4.1247e+001  4.3602e+000
  1.7896e+001  9.2882e+000  1.3898e+001  1.2059e+001  6.9413e+000  1.2092e+001  4.4235e+000  1.2208e+001  6.7129e+000  3.8826e+000  3.3085e+000  1.5773e+001  3.2097e+000  7.3508e+000  7.2857e-001  3.5737e+000  5.3966e+000  5.7047e-001
  3.6929e+002  1.9166e+002  2.8679e+002  2.4884e+002  1.4323e+002  2.4951e+002  9.1280e+001  2.5190e+002  1.3852e+002  8.0118e+001  6.8270e+001  3.2548e+002  6.6232e+001  1.5168e+002  1.5034e+001  7.3743e+001  1.1136e+002  1.1772e+001
  1.1751e+002  6.0989e+001  9.1261e+001  7.9184e+001  4.5579e+001  7.9397e+001  2.9046e+001  8.0159e+001  4.4079e+001  2.5495e+001  2.1724e+001  1.0357e+002  2.1076e+001  4.8268e+001  4.7840e+000  2.3466e+001  3.5436e+001  3.7459e+000
  7.0824e+001  3.6757e+001  5.5002e+001  4.7723e+001  2.7470e+001  4.7852e+001  1.7506e+001  4.8311e+001  2.6566e+001  1.5365e+001  1.3093e+001  6.2422e+001  1.2702e+001  2.9090e+001  2.8833e+000  1.4143e+001  2.1357e+001  2.2576e+000
  2.2490e+001  1.1672e+001  1.7466e+001  1.5154e+001  8.7229e+000  1.5195e+001  5.5589e+000  1.5341e+001  8.4358e+000  4.8791e+000  4.1576e+000  1.9822e+001  4.0335e+000  9.2375e+000  9.1556e-001  4.4909e+000  6.7817e+000  7.1689e-001
  5.8777e+001  3.0505e+001  4.5646e+001  3.9605e+001  2.2797e+001  3.9712e+001  1.4528e+001  4.0093e+001  2.2047e+001  1.2752e+001  1.0866e+001  5.1804e+001  1.0542e+001  2.4142e+001  2.3928e+000  1.1737e+001  1.7724e+001  1.8736e+000
  -4.7159e+001  -2.4475e+001  -3.6624e+001  -3.1777e+001  -1.8291e+001  -3.1863e+001  -1.1656e+001  -3.2168e+001  -1.7689e+001  -1.0231e+001  -8.7182e+000  -4.1564e+001  -8.4579e+000  -1.9370e+001  -1.9199e+000  -9.4170e+000  -1.4221e+001  -1.5033e+000
  5.2210e+000  2.7097e+000  4.0546e+000  3.5180e+000  2.0250e+000  3.5275e+000  1.2905e+000  3.5614e+000  1.9584e+000  1.1327e+000  9.6519e-001  4.6016e+000  9.3637e-001  2.1445e+000  2.1255e-001  1.0426e+000  1.5744e+000  1.6643e-001
  6.8336e+001  3.5466e+001  5.3070e+001  4.6047e+001  2.6505e+001  4.6171e+001  1.6891e+001  4.6614e+001  2.5633e+001  1.4826e+001  1.2633e+001  6.0229e+001  1.2256e+001  2.8069e+001  2.7820e+000  1.3646e+001  2.0606e+001  2.1783e+000
  1.0030e+002  5.2055e+001  7.7893e+001  6.7584e+001  3.8902e+001  6.7767e+001  2.4791e+001  6.8417e+001  3.7622e+001  2.1760e+001  1.8542e+001  8.8400e+001  1.7988e+001  4.1197e+001  4.0832e+000  2.0028e+001  3.0245e+001  3.1972e+000
  1.1879e+002  6.1653e+001  9.2254e+001  8.0045e+001  4.6075e+001  8.0261e+001  2.9362e+001  8.1031e+001  4.4558e+001  2.5772e+001  2.1961e+001  1.0470e+002  2.1305e+001  4.8793e+001  4.8361e+000  2.3721e+001  3.5821e+001  3.7867e+000
  3.6197e+001  1.8786e+001  2.8111e+001  2.4391e+001  1.4040e+001  2.4457e+001  8.9471e+000  2.4691e+001  1.3577e+001  7.8530e+000  6.6917e+000  3.1903e+001  6.4919e+000  1.4868e+001  1.4736e+000  7.2281e+000  1.0915e+001  1.1538e+000
  8.4359e+000  4.3782e+000  6.5513e+000  5.6843e+000  3.2720e+000  5.6997e+000  2.0851e+000  5.7544e+000  3.1643e+000  1.8302e+000  1.5595e+000  7.4351e+000  1.5130e+000  3.4650e+000  3.4343e-001  1.6845e+000  2.5438e+000  2.6891e-001
  3.5925e+000  1.8645e+000  2.7899e+000  2.4207e+000  1.3934e+000  2.4272e+000  8.8797e-001  2.4505e+000  1.3475e+000  7.7939e-001  6.6413e-001  3.1663e+000  6.4430e-001  1.4756e+000  1.4625e-001  7.1737e-001  1.0833e+000  1.1451e-001
  1.1938e+001  6.1958e+000  9.2712e+000  8.0442e+000  4.6304e+000  8.0660e+000  2.9508e+000  8.1433e+000  4.4779e+000  2.5900e+000  2.2070e+000  1.0522e+001  2.1411e+000  4.9035e+000  4.8601e-001  2.3839e+000  3.5999e+000  3.8054e-001
  1.3271e+002  6.8874e+001  1.0306e+002  8.9421e+001  5.1472e+001  8.9662e+001  3.2801e+001  9.0522e+001  4.9777e+001  2.8791e+001  2.4533e+001  1.1696e+002  2.3800e+001  5.4508e+001  5.4025e+000  2.6500e+001  4.0017e+001  4.2302e+000
  9.4005e+001  4.8788e+001  7.3004e+001  6.3343e+001  3.6461e+001  6.3514e+001  2.3236e+001  6.4123e+001  3.5261e+001  2.0394e+001  1.7378e+001  8.2853e+001  1.6860e+001  3.8612e+001  3.8270e+000  1.8772e+001  2.8347e+001  2.9965e+000
  7.4616e+001  3.8726e+001  5.7947e+001  5.0279e+001  2.8941e+001  5.0414e+001  1.8443e+001  5.0898e+001  2.7988e+001  1.6188e+001  1.3794e+001  6.5764e+001  1.3382e+001  3.0648e+001  3.0377e+000  1.4900e+001  2.2500e+001  2.3785e+000
  1.1959e+002  6.2068e+001  9.2876e+001  8.0585e+001  4.6385e+001  8.0802e+001  2.9560e+001  8.1577e+001  4.4859e+001  2.5946e+001  2.2109e+001  1.0540e+002  2.1449e+001  4.9122e+001  4.8687e+000  2.3881e+001  3.6063e+001  3.8122e+000
  1.6307e+001  8.4632e+000  1.2664e+001  1.0988e+001  6.3249e+000  1.1018e+001  4.0307e+000  1.1123e+001  6.1167e+000  3.5378e+000  3.0146e+000  1.4372e+001  2.9246e+000  6.6980e+000  6.6386e-001  3.2563e+000  4.9173e+000  5.1981e-001
  2.6740e+000  1.3878e+000  2.0766e+000  1.8018e+000  1.0371e+000  1.8067e+000  6.6094e-001  1.8240e+000  1.0030e+000  5.8012e-001  4.9433e-001  2.3568e+000  4.7958e-001  1.0983e+000  1.0886e-001  5.3396e-001  8.0633e-001  8.5237e-002
  4.9634e+001  2.5760e+001  3.8546e+001  3.3445e+001  1.9251e+001  3.3535e+001  1.2268e+001  3.3857e+001  1.8618e+001  1.0768e+001  9.1758e+000  4.3746e+001  8.9018e+000  2.0387e+001  2.0206e+000  9.9113e+000  1.4967e+001  1.5822e+000
  3.2459e+001  1.6846e+001  2.5208e+001  2.1872e+001  1.2590e+001  2.1931e+001  8.0230e+000  2.2141e+001  1.2175e+001  7.0420e+000  6.0006e+000  2.8608e+001  5.8215e+000  1.3332e+001  1.3214e+000  6.4817e+000  9.7879e+000  1.0347e+000
  7.5573e+001  3.9222e+001  5.8691e+001  5.0924e+001  2.9312e+001  5.1061e+001  1.8680e+001  5.1551e+001  2.8347e+001  1.6396e+001  1.3971e+001  6.6608e+001  1.3554e+001  3.1041e+001  3.0766e+000  1.5091e+001  2.2789e+001  2.4090e+000
  1.2671e+002  6.5764e+001  9.8406e+001  8.5383e+001  4.9148e+001  8.5614e+001  3.1320e+001  8.6435e+001  4.7530e+001  2.7491e+001  2.3425e+001  1.1168e+002  2.2726e+001  5.2047e+001  5.1586e+000  2.5303e+001  3.8210e+001  4.0392e+000
  3.4954e+001  1.8141e+001  2.7145e+001  2.3553e+001  1.3557e+001  2.3616e+001  8.6396e+000  2.3843e+001  1.3111e+001  7.5832e+000  6.4618e+000  3.0807e+001  6.2689e+000  1.4357e+001  1.4230e+000  6.9798e+000  1.0540e+001  1.1142e+000
  2.5427e+000  1.3197e+000  1.9747e+000  1.7134e+000  9.8624e-001  1.7180e+000  6.2850e-001  1.7345e+000  9.5378e-001  5.5165e-001  4.7007e-001  2.2411e+000  4.5604e-001  1.0444e+000  1.0352e-001  5.0775e-001  7.6676e-001  8.1054e-002
  1.5930e+002  8.2675e+001  1.2371e+002  1.0734e+002  6.1786e+001  1.0763e+002  3.9374e+001  1.0866e+002  5.9752e+001  3.4560e+001  2.9449e+001  1.4040e+002  2.8570e+001  6.5430e+001  6.4851e+000  3.1810e+001  4.8035e+001  5.0778e+000
  1.0855e+001  5.6338e+000  8.4301e+000  7.3145e+000  4.2103e+000  7.3343e+000  2.6831e+000  7.4046e+000  4.0717e+000  2.3550e+000  2.0068e+000  9.5674e+000  1.9469e+000  4.4587e+000  4.4192e-001  2.1676e+000  3.2733e+000  3.4602e-001

 Columns 19 through 36:

  6.4242e+001  9.4809e+001  5.5214e+001  3.8293e+002  7.4995e+001  9.1258e+001  5.4227e+001  3.9825e+002  2.3751e+002  1.2397e+002  2.5846e+002  4.2479e+002  -2.1462e+001  1.0549e+002  2.1346e+002  3.2536e+001  1.1510e+002  8.0260e+001
  3.3342e+001  4.9205e+001  2.8656e+001  1.9874e+002  3.8922e+001  4.7363e+001  2.8144e+001  2.0669e+002  1.2327e+002  6.4338e+001  1.3414e+002  2.2047e+002  -1.1139e+001  5.4750e+001  1.1079e+002  1.6886e+001  5.9735e+001  4.1655e+001
  4.9891e+001  7.3629e+001  4.2880e+001  2.9738e+002  5.8241e+001  7.0872e+001  4.2113e+001  3.0928e+002  1.8445e+002  9.6272e+001  2.0072e+002  3.2990e+002  -1.6668e+001  8.1926e+001  1.6577e+002  2.5268e+001  8.9385e+001  6.2330e+001
  4.3288e+001  6.3885e+001  3.7205e+001  2.5803e+002  5.0534e+001  6.1493e+001  3.6540e+001  2.6835e+002  1.6004e+002  8.3532e+001  1.7416e+002  2.8624e+002  -1.4462e+001  7.1084e+001  1.4384e+002  2.1924e+001  7.7556e+001  5.4082e+001
  2.4917e+001  3.6773e+001  2.1416e+001  1.4852e+002  2.9088e+001  3.5396e+001  2.1033e+001  1.5447e+002  9.2121e+001  4.8082e+001  1.0025e+002  1.6476e+002  -8.3244e+000  4.0917e+001  8.2794e+001  1.2620e+001  4.4642e+001  3.1130e+001
  4.3405e+001  6.4057e+001  3.7305e+001  2.5872e+002  5.0670e+001  6.1659e+001  3.6639e+001  2.6908e+002  1.6047e+002  8.3757e+001  1.7463e+002  2.8701e+002  -1.4501e+001  7.1276e+001  1.4422e+002  2.1983e+001  7.7765e+001  5.4227e+001
  1.5879e+001  2.3434e+001  1.3648e+001  9.4649e+001  1.8537e+001  2.2557e+001  1.3404e+001  9.8437e+001  5.8706e+001  3.0641e+001  6.3885e+001  1.0500e+002  -5.3049e+000  2.6075e+001  5.2762e+001  8.0422e+000  2.8449e+001  1.9838e+001
  4.3822e+001  6.4672e+001  3.7663e+001  2.6120e+002  5.1156e+001  6.2250e+001  3.6990e+001  2.7166e+002  1.6201e+002  8.4560e+001  1.7630e+002  2.8976e+002  -1.4640e+001  7.1959e+001  1.4561e+002  2.2194e+001  7.8511e+001  5.4748e+001
  2.4097e+001  3.5562e+001  2.0711e+001  1.4363e+002  2.8130e+001  3.4231e+001  2.0340e+001  1.4938e+002  8.9089e+001  4.6499e+001  9.6948e+001  1.5934e+002  -8.0504e+000  3.9570e+001  8.0069e+001  1.2204e+001  4.3173e+001  3.0105e+001
  1.3937e+001  2.0569e+001  1.1979e+001  8.3076e+001  1.6270e+001  1.9799e+001  1.1765e+001  8.6400e+001  5.1528e+001  2.6894e+001  5.6073e+001  9.2159e+001  -4.6563e+000  2.2887e+001  4.6311e+001  7.0588e+000  2.4970e+001  1.7412e+001
  1.1876e+001  1.7527e+001  1.0207e+001  7.0791e+001  1.3864e+001  1.6871e+001  1.0025e+001  7.3623e+001  4.3908e+001  2.2917e+001  4.7781e+001  7.8531e+001  -3.9677e+000  1.9502e+001  3.9462e+001  6.0149e+000  2.1278e+001  1.4838e+001
  5.6621e+001  8.3561e+001  4.8664e+001  3.3750e+002  6.6098e+001  8.0432e+001  4.7794e+001  3.5100e+002  2.0933e+002  1.0926e+002  2.2780e+002  3.7440e+002  -1.8916e+001  9.2977e+001  1.8814e+002  2.8676e+001  1.0144e+002  7.0738e+001
  1.1522e+001  1.7004e+001  9.9026e+000  6.8677e+001  1.3450e+001  1.6367e+001  9.7256e+000  7.1425e+001  4.2597e+001  2.2233e+001  4.6355e+001  7.6186e+001  -3.8492e+000  1.8920e+001  3.8284e+001  5.8354e+000  2.0643e+001  1.4395e+001
  2.6387e+001  3.8942e+001  2.2679e+001  1.5728e+002  3.0804e+001  3.7484e+001  2.2274e+001  1.6358e+002  9.7556e+001  5.0918e+001  1.0616e+002  1.7448e+002  -8.8155e+000  4.3330e+001  8.7678e+001  1.3364e+001  4.7276e+001  3.2966e+001
  2.6153e+000  3.8597e+000  2.2478e+000  1.5589e+001  3.0531e+000  3.7152e+000  2.2076e+000  1.6213e+001  9.6691e+000  5.0467e+000  1.0522e+001  1.7294e+001  -8.7374e-001  4.2946e+000  8.6901e+000  1.3246e+000  4.6857e+000  3.2674e+000
  1.2828e+001  1.8932e+001  1.1026e+001  7.6465e+001  1.4975e+001  1.8223e+001  1.0829e+001  7.9525e+001  4.7428e+001  2.4754e+001  5.1612e+001  8.4826e+001  -4.2857e+000  2.1065e+001  4.2626e+001  6.4971e+000  2.2983e+001  1.6027e+001
  1.9372e+001  2.8589e+001  1.6650e+001  1.1547e+002  2.2614e+001  2.7519e+001  1.6352e+001  1.2009e+002  7.1620e+001  3.7381e+001  7.7938e+001  1.2810e+002  -6.4719e+000  3.1811e+001  6.4368e+001  9.8112e+000  3.4707e+001  2.4202e+001
  2.0478e+000  3.0222e+000  1.7600e+000  1.2206e+001  2.3906e+000  2.9090e+000  1.7286e+000  1.2695e+001  7.5710e+000  3.9516e+000  8.2388e+000  1.3541e+001  -6.8414e-001  3.3627e+000  6.8044e+000  1.0371e+000  3.6689e+000  2.5584e+000
  1.3336e+001  1.9681e+001  1.1462e+001  7.9489e+001  1.5568e+001  1.8944e+001  1.1257e+001  8.2669e+001  4.9303e+001  2.5733e+001  5.3652e+001  8.8180e+001  -4.4552e+000  2.1898e+001  4.4311e+001  6.7540e+000  2.3892e+001  1.6661e+001
  1.9681e+001  2.9045e+001  1.6915e+001  1.1731e+002  2.2975e+001  2.7957e+001  1.6613e+001  1.2200e+002  7.2761e+001  3.7977e+001  7.9180e+001  1.3014e+002  -6.5749e+000  3.2317e+001  6.5394e+001  9.9675e+000  3.5260e+001  2.4588e+001
  1.1462e+001  1.6915e+001  9.8508e+000  6.8318e+001  1.3380e+001  1.6281e+001  9.6747e+000  7.1052e+001  4.2374e+001  2.2117e+001  4.6112e+001  7.5788e+001  -3.8291e+000  1.8821e+001  3.8084e+001  5.8048e+000  2.0535e+001  1.4319e+001
  7.9489e+001  1.1731e+002  6.8318e+001  4.7380e+002  9.2793e+001  1.1292e+002  6.7097e+001  4.9276e+002  2.9388e+002  1.5339e+002  3.1980e+002  5.2561e+002  -2.6556e+001  1.3053e+002  2.6412e+002  4.0258e+001  1.4241e+002  9.9308e+001
  1.5568e+001  2.2975e+001  1.3380e+001  9.2793e+001  1.8173e+001  2.2114e+001  1.3141e+001  9.6506e+001  5.7555e+001  3.0040e+001  6.2632e+001  1.0294e+002  -5.2009e+000  2.5564e+001  5.1727e+001  7.8844e+000  2.7891e+001  1.9449e+001
  1.8944e+001  2.7957e+001  1.6281e+001  1.1292e+002  2.2114e+001  2.6910e+001  1.5990e+001  1.1743e+002  7.0036e+001  3.6555e+001  7.6215e+001  1.2526e+002  -6.3287e+000  3.1107e+001  6.2945e+001  9.5943e+000  3.3940e+001  2.3667e+001
  1.1257e+001  1.6613e+001  9.6747e+000  6.7097e+001  1.3141e+001  1.5990e+001  9.5018e+000  6.9782e+001  4.1617e+001  2.1721e+001  4.5288e+001  7.4433e+001  -3.7607e+000  1.8485e+001  3.7403e+001  5.7011e+000  2.0168e+001  1.4063e+001
  8.2669e+001  1.2200e+002  7.1052e+001  4.9276e+002  9.6506e+001  1.1743e+002  6.9782e+001  5.1248e+002  3.0564e+002  1.5952e+002  3.3260e+002  5.4664e+002  -2.7618e+001  1.3575e+002  2.7469e+002  4.1869e+001  1.4811e+002  1.0328e+002
  4.9303e+001  7.2761e+001  4.2374e+001  2.9388e+002  5.7555e+001  7.0036e+001  4.1617e+001  3.0564e+002  1.8228e+002  9.5137e+001  1.9836e+002  3.2601e+002  -1.6471e+001  8.0960e+001  1.6382e+002  2.4970e+001  8.8332e+001  6.1596e+001
  2.5733e+001  3.7977e+001  2.2117e+001  1.5339e+002  3.0040e+001  3.6555e+001  2.1721e+001  1.5952e+002  9.5137e+001  4.9656e+001  1.0353e+002  1.7016e+002  -8.5970e+000  4.2256e+001  8.5505e+001  1.3033e+001  4.6104e+001  3.2149e+001
  5.3652e+001  7.9180e+001  4.6112e+001  3.1980e+002  6.2632e+001  7.6215e+001  4.5288e+001  3.3260e+002  1.9836e+002  1.0353e+002  2.1585e+002  3.5477e+002  -1.7924e+001  8.8102e+001  1.7827e+002  2.7173e+001  9.6124e+001  6.7029e+001
  8.8180e+001  1.3014e+002  7.5788e+001  5.2561e+002  1.0294e+002  1.2526e+002  7.4433e+001  5.4664e+002  3.2601e+002  1.7016e+002  3.5477e+002  5.8308e+002  -2.9459e+001  1.4480e+002  2.9300e+002  4.4660e+001  1.5798e+002  1.1017e+002
  -4.4552e+000  -6.5749e+000  -3.8291e+000  -2.6556e+001  -5.2009e+000  -6.3287e+000  -3.7607e+000  -2.7618e+001  -1.6471e+001  -8.5970e+000  -1.7924e+001  -2.9459e+001  1.4884e+000  -7.3159e+000  -1.4803e+001  -2.2564e+000  -7.9820e+000  -5.5660e+000
  2.1898e+001  3.2317e+001  1.8821e+001  1.3053e+002  2.5564e+001  3.1107e+001  1.8485e+001  1.3575e+002  8.0960e+001  4.2256e+001  8.8102e+001  1.4480e+002  -7.3159e+000  3.5959e+001  7.2763e+001  1.1091e+001  3.9233e+001  2.7358e+001
  4.4311e+001  6.5394e+001  3.8084e+001  2.6412e+002  5.1727e+001  6.2945e+001  3.7403e+001  2.7469e+002  1.6382e+002  8.5505e+001  1.7827e+002  2.9300e+002  -1.4803e+001  7.2763e+001  1.4723e+002  2.2442e+001  7.9388e+001  5.5359e+001
  6.7540e+000  9.9675e+000  5.8048e+000  4.0258e+001  7.8844e+000  9.5943e+000  5.7011e+000  4.1869e+001  2.4970e+001  1.3033e+001  2.7173e+001  4.4660e+001  -2.2564e+000  1.1091e+001  2.2442e+001  3.4207e+000  1.2101e+001  8.4380e+000
  2.3892e+001  3.5260e+001  2.0535e+001  1.4241e+002  2.7891e+001  3.3940e+001  2.0168e+001  1.4811e+002  8.8332e+001  4.6104e+001  9.6124e+001  1.5798e+002  -7.9820e+000  3.9233e+001  7.9388e+001  1.2101e+001  4.2806e+001  2.9849e+001
  1.6661e+001  2.4588e+001  1.4319e+001  9.9308e+001  1.9449e+001  2.3667e+001  1.4063e+001  1.0328e+002  6.1596e+001  3.2149e+001  6.7029e+001  1.1017e+002  -5.5660e+000  2.7358e+001  5.5359e+001  8.4380e+000  2.9849e+001  2.0815e+001
  1.5032e+001  2.2185e+001  1.2920e+001  8.9602e+001  1.7548e+001  2.1354e+001  1.2689e+001  9.3187e+001  5.5576e+001  2.9007e+001  6.0478e+001  9.9399e+001  -5.0220e+000  2.4684e+001  4.9948e+001  7.6133e+000  2.6932e+001  1.8780e+001
  1.2390e+001  1.8285e+001  1.0649e+001  7.3851e+001  1.4464e+001  1.7600e+001  1.0458e+001  7.6806e+001  4.5806e+001  2.3908e+001  4.9847e+001  8.1926e+001  -4.1392e+000  2.0345e+001  4.1168e+001  6.2750e+000  2.2198e+001  1.5479e+001
  3.6945e+001  5.4524e+001  3.1753e+001  2.2022e+002  4.3129e+001  5.2482e+001  3.1186e+001  2.2903e+002  1.3659e+002  7.1291e+001  1.4864e+002  2.4430e+002  -1.2343e+001  6.0668e+001  1.2276e+002  1.8711e+001  6.6191e+001  4.6157e+001
  2.0075e+001  2.9627e+001  1.7254e+001  1.1966e+002  2.3435e+001  2.8518e+001  1.6946e+001  1.2445e+002  7.4220e+001  3.8739e+001  8.0768e+001  1.3275e+002  -6.7068e+000  3.2966e+001  6.6705e+001  1.0167e+001  3.5967e+001  2.5081e+001
  2.0325e+000  2.9995e+000  1.7469e+000  1.2115e+001  2.3727e+000  2.8872e+000  1.7156e+000  1.2600e+001  7.5143e+000  3.9220e+000  8.1771e+000  1.3439e+001  -6.7902e-001  3.3375e+000  6.7534e+000  1.0294e+000  3.6414e+000  2.5392e+000
  1.4284e+001  2.1080e+001  1.2277e+001  8.5142e+001  1.6675e+001  2.0291e+001  1.2057e+001  8.8549e+001  5.2809e+001  2.7563e+001  5.7468e+001  9.4451e+001  -4.7720e+000  2.3456e+001  4.7462e+001  7.2343e+000  2.5591e+001  1.7845e+001
  1.9666e+001  2.9024e+001  1.6903e+001  1.1722e+002  2.2958e+001  2.7937e+001  1.6600e+001  1.2191e+002  7.2708e+001  3.7949e+001  7.9122e+001  1.3004e+002  -6.5702e+000  3.2294e+001  6.5346e+001  9.9603e+000  3.5235e+001  2.4570e+001
  8.9126e+000  1.3153e+001  7.6601e+000  5.3125e+001  1.0404e+001  1.2661e+001  7.5231e+000  5.5250e+001  3.2951e+001  1.7198e+001  3.5857e+001  5.8933e+001  -2.9775e+000  1.4635e+001  2.9614e+001  4.5139e+000  1.5968e+001  1.1135e+001
  2.4583e+001  3.6280e+001  2.1128e+001  1.4653e+002  2.8698e+001  3.4921e+001  2.0751e+001  1.5239e+002  9.0886e+001  4.7437e+001  9.8904e+001  1.6255e+002  -8.2128e+000  4.0368e+001  8.1684e+001  1.2450e+001  4.4043e+001  3.0712e+001
  3.8209e+000  5.6388e+000  3.2839e+000  2.2775e+001  4.4604e+000  5.4277e+000  3.2252e+000  2.3686e+001  1.4126e+001  7.3730e+000  1.5372e+001  2.5265e+001  -1.2765e+000  6.2742e+000  1.2696e+001  1.9351e+000  6.8455e+000  4.7735e+000
  1.8747e+001  2.7667e+001  1.6113e+001  1.1175e+002  2.1885e+001  2.6631e+001  1.5825e+001  1.1622e+002  6.9310e+001  3.6176e+001  7.5424e+001  1.2396e+002  -6.2631e+000  3.0785e+001  6.2292e+001  9.4948e+000  3.3588e+001  2.3421e+001
  6.7339e+000  9.9379e+000  5.7876e+000  4.0138e+001  7.8610e+000  9.5658e+000  5.6841e+000  4.1744e+001  2.4896e+001  1.2994e+001  2.7092e+001  4.4527e+001  -2.2497e+000  1.1058e+001  2.2375e+001  3.4105e+000  1.2065e+001  8.4129e+000
  2.9230e+001  4.3138e+001  2.5122e+001  1.7423e+002  3.4122e+001  4.1522e+001  2.4673e+001  1.8120e+002  1.0807e+002  5.6404e+001  1.1760e+002  1.9328e+002  -9.7652e+000  4.7999e+001  9.7124e+001  1.4804e+001  5.2369e+001  3.6518e+001
  3.7172e+000  5.4858e+000  3.1948e+000  2.2157e+001  4.3393e+000  5.2804e+000  3.1377e+000  2.3043e+001  1.3743e+001  7.1728e+000  1.4955e+001  2.4579e+001  -1.2418e+000  6.1039e+000  1.2351e+001  1.8826e+000  6.6597e+000  4.6440e+000
  2.4651e+001  3.6380e+001  2.1187e+001  1.4694e+002  2.8777e+001  3.5018e+001  2.0808e+001  1.5282e+002  9.1137e+001  4.7568e+001  9.9177e+001  1.6300e+002  -8.2355e+000  4.0479e+001  8.1909e+001  1.2485e+001  4.4165e+001  3.0797e+001
  6.7179e+000  9.9142e+000  5.7738e+000  4.0043e+001  7.8422e+000  9.5429e+000  5.6706e+000  4.1645e+001  2.4836e+001  1.2963e+001  2.7027e+001  4.4421e+001  -2.2443e+000  1.1031e+001  2.2322e+001  3.4023e+000  1.2036e+001  8.3928e+000
  1.5661e+001  2.3112e+001  1.3460e+001  9.3348e+001  1.8282e+001  2.2247e+001  1.3219e+001  9.7083e+001  5.7899e+001  3.0220e+001  6.3007e+001  1.0355e+002  -5.2320e+000  2.5716e+001  5.2037e+001  7.9316e+000  2.8058e+001  1.9565e+001
  1.8252e+001  2.6936e+001  1.5687e+001  1.0879e+002  2.1307e+001  2.5928e+001  1.5407e+001  1.1315e+002  6.7479e+001  3.5220e+001  7.3432e+001  1.2069e+002  -6.0977e+000  2.9972e+001  6.0647e+001  9.2440e+000  3.2701e+001  2.2803e+001
  5.1976e+000  7.6706e+000  4.4672e+000  3.0981e+001  6.0675e+000  7.3834e+000  4.3873e+000  3.2221e+001  1.9216e+001  1.0030e+001  2.0911e+001  3.4368e+001  -1.7364e+000  8.5350e+000  1.7270e+001  2.6324e+000  9.3121e+000  6.4935e+000
  -5.1896e+000  -7.6587e+000  -4.4603e+000  -3.0933e+001  -6.0581e+000  -7.3720e+000  -4.3805e+000  -3.2171e+001  -1.9186e+001  -1.0014e+001  -2.0879e+001  -3.4315e+001  1.7337e+000  -8.5218e+000  -1.7244e+001  -2.6283e+000  -9.2977e+000  -6.4835e+000
  9.0404e+000  1.3342e+001  7.7699e+000  5.3886e+001  1.0553e+001  1.2842e+001  7.6310e+000  5.6043e+001  3.3423e+001  1.7445e+001  3.6372e+001  5.9778e+001  -3.0202e+000  1.4845e+001  3.0039e+001  4.5786e+000  1.6197e+001  1.1294e+001
  1.6814e+001  2.4813e+001  1.4451e+001  1.0022e+002  1.9628e+001  2.3884e+001  1.4192e+001  1.0423e+002  6.2161e+001  3.2444e+001  6.7645e+001  1.1118e+002  -5.6171e+000  2.7610e+001  5.5867e+001  8.5155e+000  3.0123e+001  2.1006e+001
  1.4470e+001  2.1355e+001  1.2436e+001  8.6250e+001  1.6892e+001  2.0555e+001  1.2214e+001  8.9701e+001  5.3496e+001  2.7922e+001  5.8216e+001  9.5680e+001  -4.8341e+000  2.3761e+001  4.8080e+001  7.3285e+000  2.5924e+001  1.8078e+001
  1.9771e+001  2.9178e+001  1.6993e+001  1.1785e+002  2.3080e+001  2.8086e+001  1.6689e+001  1.2256e+002  7.3096e+001  3.8152e+001  7.9544e+001  1.3073e+002  -6.6052e+000  3.2466e+001  6.5695e+001  1.0013e+001  3.5422e+001  2.4701e+001
  1.8878e+001  2.7859e+001  1.6225e+001  1.1252e+002  2.2037e+001  2.6816e+001  1.5935e+001  1.1702e+002  6.9792e+001  3.6427e+001  7.5949e+001  1.2483e+002  -6.3067e+000  3.0999e+001  6.2725e+001  9.5608e+000  3.3821e+001  2.3584e+001
  -2.7125e+000  -4.0031e+000  -2.3313e+000  -1.6168e+001  -3.1665e+000  -3.8532e+000  -2.2897e+000  -1.6815e+001  -1.0028e+001  -5.2342e+000  -1.0913e+001  -1.7936e+001  9.0620e-001  -4.4542e+000  -9.0130e+000  -1.3738e+000  -4.8598e+000  -3.3888e+000
  6.5473e+001  9.6625e+001  5.6272e+001  3.9026e+002  7.6431e+001  9.3007e+001  5.5266e+001  4.0588e+002  2.4206e+002  1.2634e+002  2.6341e+002  4.3293e+002  -2.1873e+001  1.0751e+002  2.1755e+002  3.3160e+001  1.1730e+002  8.1797e+001
  4.4019e+001  6.4963e+001  3.7833e+001  2.6238e+002  5.1386e+001  6.2530e+001  3.7156e+001  2.7288e+002  1.6274e+002  8.4941e+001  1.7710e+002  2.9107e+002  -1.4706e+001  7.2283e+001  1.4626e+002  2.2294e+001  7.8865e+001  5.4994e+001
  6.2278e+001  9.1909e+001  5.3526e+001  3.7121e+002  7.2701e+001  8.8468e+001  5.2569e+001  3.8607e+002  2.3025e+002  1.2017e+002  2.5056e+002  4.1180e+002  -2.0806e+001  1.0227e+002  2.0693e+002  3.1541e+001  1.1158e+002  7.7805e+001
  1.7840e+001  2.6328e+001  1.5333e+001  1.0634e+002  2.0826e+001  2.5342e+001  1.5059e+001  1.1059e+002  6.5955e+001  3.4425e+001  7.1773e+001  1.1796e+002  -5.9599e+000  2.9295e+001  5.9277e+001  9.0352e+000  3.1962e+001  2.2288e+001
  2.0977e+001  3.0957e+001  1.8029e+001  1.2503e+002  2.4488e+001  2.9798e+001  1.7706e+001  1.3004e+002  7.7552e+001  4.0478e+001  8.4394e+001  1.3871e+002  -7.0079e+000  3.4446e+001  6.9700e+001  1.0624e+001  3.7582e+001  2.6207e+001
  2.8394e+001  4.1904e+001  2.4404e+001  1.6925e+002  3.3147e+001  4.0335e+001  2.3968e+001  1.7602e+002  1.0498e+002  5.4791e+001  1.1424e+002  1.8775e+002  -9.4860e+000  4.6626e+001  9.4347e+001  1.4381e+001  5.0871e+001  3.5474e+001
  3.7150e+000  5.4825e+000  3.1929e+000  2.2144e+001  4.3367e+000  5.2772e+000  3.1358e+000  2.3030e+001  1.3735e+001  7.1686e+000  1.4946e+001  2.4565e+001  -1.2411e+000  6.1003e+000  1.2344e+001  1.8815e+000  6.6558e+000  4.6412e+000
  7.6659e+001  1.1313e+002  6.5885e+001  4.5693e+002  8.9489e+001  1.0890e+002  6.4708e+001  4.7522e+002  2.8341e+002  1.4792e+002  3.0841e+002  5.0689e+002  -2.5610e+001  1.2588e+002  2.5472e+002  3.8825e+001  1.3734e+002  9.5772e+001
  2.4394e+001  3.6000e+001  2.0966e+001  1.4540e+002  2.8476e+001  3.4652e+001  2.0591e+001  1.5122e+002  9.0185e+001  4.7071e+001  9.8141e+001  1.6130e+002  -8.1495e+000  4.0057e+001  8.1054e+001  1.2354e+001  4.3704e+001  3.0476e+001
  1.4702e+001  2.1697e+001  1.2636e+001  8.7632e+001  1.7162e+001  2.0884e+001  1.2410e+001  9.1138e+001  5.4354e+001  2.8369e+001  5.9149e+001  9.7213e+001  -4.9116e+000  2.4142e+001  4.8850e+001  7.4459e+000  2.6340e+001  1.8367e+001
